rainbow <- c("#FF0000", "#FF3400", "#FF6800", "#FF9C00", "#FFBC00", "#FFD900", "#FFF500", "#C9FF00", "#78FF00", "#28FF00", "#00D628", "#008678", "#0035C9", "#1003FD", "#430DF8", "#7517F3", "#A528EE", "#C25AE2", "#E18DD6", "#FFC0CB")

summer_y <- c("#66CDAA", "#76CE98", "#86CF86", "#96D074", "#A6D162", "#B6D250", "#C6D33E", "#D6D42C", "#E6D51A", "#F6D608", "#FFCC07", "#FFB817", "#FFA326", "#FF8F36", "#FF7A45", "#FF6655", "#FF5164", "#FF3D74", "#FF2883", "#FF1493")

summer_y2 <- c("#66CDAA", "#79BCB7", "#8CACC4", "#9F9CD2", "#B38BDF", "#C67BED", "#D96BFA", "#E35DF3", "#E850E2", "#ED43D1", "#F136C0", "#F629AF", "#FB1C9E", "#FF1E8B", "#FF3D74", "#FF5B5C", "#FF7A45", "#FF992E", "#FFB817", "#FFD700")

spring <- c("#9BCD9B", "#A2C59B", "#AABD9B", "#B2B59B", "#BAAD9B", "#C2A59B", "#CA9D9B", "#D0A299", "#D6AE97", "#DBBA94", "#E1C692", "#E6D28F", "#ECDE8D", "#EEE28B", "#E8D988", "#E3CF86", "#DDC684", "#D8BC81", "#D2B37F", "#CDAA7D")

deepfall <- c("#6B8E23", "#768125", "#817427", "#8C6829", "#975B2B", "#A2542A", "#AB5F21", "#B56A17", "#BE740E", "#C87F04", "#CD7F05", "#CD7312", "#CD681D", "#CD5D29", "#CD5135", "#D46430", "#DF8124", "#E99D18", "#F4BA0C", "#FFD700")

hitesh <- c("#53868B", "#599188", "#5F9C86", "#66A783", "#6CB281", "#73BE7F", "#79C97C", "#7DC27D", "#7FB17F", "#82A182", "#849184", "#878187", "#897089", "#916D8E", "#A38598", "#B59CA3", "#C8B3AD", "#DACBB8", "#ECE2C2", "#FFFACD")
